[ADDRESS]
Hpa1Addr = 10.191.100.41
Hpa2Addr = 10.191.100.42

[OID]
OidModel = .1.3.6.1.4.1.21369.1.3.1.1.0
OidSerial = .1.3.6.1.4.1.21369.1.3.1.2.0
OidFirmware = .1.3.6.1.4.1.21369.1.3.1.3.0
OidTotalSystemHours = .1.3.6.1.4.1.21369.1.3.1.6.0
OidTotalTransmitHours = .1.3.6.1.4.1.21369.1.3.1.7.0
OidTxState = .1.3.6.1.4.1.21369.1.2.4.0

[GPIO]
GpioPin1 = 37
GpioPin2 = 40